	nbins	ntrees	max_depth	learn_rate	model_ids	logloss
	50	100	10	0.1	Grid_GBM_train_model_R_1456421914880_1_model_39	0.014069504386594569
	100	100	10	0.1	Grid_GBM_train_model_R_1456421914880_1_model_40	0.014985055733597789
	100	250	10	0.1	Grid_GBM_train_model_R_1456421914880_1_model_43	0.015114677375820507
	50	250	10	0.1	Grid_GBM_train_model_R_1456421914880_1_model_42	0.01547215001998833
	250	250	10	0.1	Grid_GBM_train_model_R_1456421914880_1_model_44	0.01715252048498045
	250	100	10	0.1	Grid_GBM_train_model_R_1456421914880_1_model_41	0.017378601963804585
	100	250	5	0.1	Grid_GBM_train_model_R_1456421914880_1_model_34	0.017949229695487914
	50	250	5	0.1	Grid_GBM_train_model_R_1456421914880_1_model_33	0.018128779879452744
	50	250	25	0.1	Grid_GBM_train_model_R_1456421914880_1_model_51	0.01848944619530217
	50	50	25	0.1	Grid_GBM_train_model_R_1456421914880_1_model_45	0.01884537219200676
	50	50	10	0.1	Grid_GBM_train_model_R_1456421914880_1_model_36	0.01904860188662183
	100	100	25	0.1	Grid_GBM_train_model_R_1456421914880_1_model_49	0.01975144826976444
	100	250	25	0.1	Grid_GBM_train_model_R_1456421914880_1_model_52	0.019785195284802454
	50	100	25	0.1	Grid_GBM_train_model_R_1456421914880_1_model_48	0.019840091252723794
	100	50	10	0.1	Grid_GBM_train_model_R_1456421914880_1_model_37	0.019994427189283626
	100	50	25	0.1	Grid_GBM_train_model_R_1456421914880_1_model_46	0.020768466799109916
	250	100	25	0.1	Grid_GBM_train_model_R_1456421914880_1_model_50	0.02159925074384803
	250	250	25	0.1	Grid_GBM_train_model_R_1456421914880_1_model_53	0.021845293498068064
	250	250	5	0.1	Grid_GBM_train_model_R_1456421914880_1_model_35	0.02230414811682398
	250	50	25	0.1	Grid_GBM_train_model_R_1456421914880_1_model_47	0.02252229250540849
	250	50	10	0.1	Grid_GBM_train_model_R_1456421914880_1_model_38	0.022610042425870173
	100	100	5	0.1	Grid_GBM_train_model_R_1456421914880_1_model_31	0.03170372437028007
	50	100	5	0.1	Grid_GBM_train_model_R_1456421914880_1_model_30	0.032310138215432965
	250	100	5	0.1	Grid_GBM_train_model_R_1456421914880_1_model_32	0.033683337062991245
	50	250	25	0.01	Grid_GBM_train_model_R_1456421914880_1_model_24	0.049082808589540436
	100	250	25	0.01	Grid_GBM_train_model_R_1456421914880_1_model_25	0.05048963926863929
	250	250	25	0.01	Grid_GBM_train_model_R_1456421914880_1_model_26	0.05211561464485595
	250	50	5	0.1	Grid_GBM_train_model_R_1456421914880_1_model_29	0.054701563013795036
	100	50	5	0.1	Grid_GBM_train_model_R_1456421914880_1_model_28	0.05577595127520629
	50	50	5	0.1	Grid_GBM_train_model_R_1456421914880_1_model_27	0.05628735347338497
	100	250	10	0.01	Grid_GBM_train_model_R_1456421914880_1_model_16	0.06148438731310215
	50	250	10	0.01	Grid_GBM_train_model_R_1456421914880_1_model_15	0.061512892328762
	250	250	10	0.01	Grid_GBM_train_model_R_1456421914880_1_model_17	0.06345363242762901
	100	250	5	0.01	Grid_GBM_train_model_R_1456421914880_1_model_7	0.1387651987707778
	50	250	5	0.01	Grid_GBM_train_model_R_1456421914880_1_model_6	0.1395805330925437
	250	250	5	0.01	Grid_GBM_train_model_R_1456421914880_1_model_8	0.14020895223258456
	50	100	25	0.01	Grid_GBM_train_model_R_1456421914880_1_model_21	0.28810499223255603
	100	100	25	0.01	Grid_GBM_train_model_R_1456421914880_1_model_22	0.2902694797659751
	250	100	25	0.01	Grid_GBM_train_model_R_1456421914880_1_model_23	0.2922951916082511
	100	100	10	0.01	Grid_GBM_train_model_R_1456421914880_1_model_13	0.3150892808396858
	50	100	10	0.01	Grid_GBM_train_model_R_1456421914880_1_model_12	0.31553955591033056
	250	100	10	0.01	Grid_GBM_train_model_R_1456421914880_1_model_14	0.3157126363499322
	250	100	5	0.01	Grid_GBM_train_model_R_1456421914880_1_model_5	0.43624313057172764
	100	100	5	0.01	Grid_GBM_train_model_R_1456421914880_1_model_4	0.4373918152170825
	50	100	5	0.01	Grid_GBM_train_model_R_1456421914880_1_model_3	0.43864985070828183
	50	50	25	0.01	Grid_GBM_train_model_R_1456421914880_1_model_18	0.6222751745579862
	100	50	25	0.01	Grid_GBM_train_model_R_1456421914880_1_model_19	0.6245372620325488
	250	50	25	0.01	Grid_GBM_train_model_R_1456421914880_1_model_20	0.626088749757227
	100	50	10	0.01	Grid_GBM_train_model_R_1456421914880_1_model_10	0.6470139582809677
	50	50	10	0.01	Grid_GBM_train_model_R_1456421914880_1_model_9	0.6480897976197443
	250	50	10	0.01	Grid_GBM_train_model_R_1456421914880_1_model_11	0.649466540112501
	250	50	5	0.01	Grid_GBM_train_model_R_1456421914880_1_model_2	0.7585229552878247
	100	50	5	0.01	Grid_GBM_train_model_R_1456421914880_1_model_1	0.7600091588509336
	50	50	5	0.01	Grid_GBM_train_model_R_1456421914880_1_model_0	0.7607301327845677