	H2O Grid Details
================

Grid ID: Grid_GBM_train_model_R_1456470034606_4 
Used hyper parameters: 
  -  nbins 
  -  ntrees 
  -  max_depth 
  -  learn_rate 
Number of models: 108 
Number of failed models: 0 

Hyper-Parameter Search Summary: ordered by increasing logloss
  nbins ntrees max_depth learn_rate                                       model_ids            logloss
1    50    250        10        0.2 Grid_GBM_train_model_R_1456470034606_4_model_75 0.0190237888147834
2    50    100        10        0.1 Grid_GBM_train_model_R_1456470034606_4_model_36  0.019055936773827
3    50    500        10        0.1 Grid_GBM_train_model_R_1456470034606_4_model_42 0.0191352944082921
4    50    250        10       0.05  Grid_GBM_train_model_R_1456470034606_4_model_3  0.019207923250511
5    50    100        10        0.2 Grid_GBM_train_model_R_1456470034606_4_model_72 0.0193368877082181

---
    nbins ntrees max_depth learn_rate                                       model_ids            logloss
103   150    250        25       0.05 Grid_GBM_train_model_R_1456470034606_4_model_32 0.0279107094514707
104   150    100        25       0.05 Grid_GBM_train_model_R_1456470034606_4_model_29 0.0279492686809044
105   150    100        20        0.2 Grid_GBM_train_model_R_1456470034606_4_model_92 0.0280640868582416
106   150    500        20        0.2 Grid_GBM_train_model_R_1456470034606_4_model_98  0.028099896486029
107   150    100        10       0.05  Grid_GBM_train_model_R_1456470034606_4_model_2 0.0282142330331918
108   150    250        20        0.2 Grid_GBM_train_model_R_1456470034606_4_model_95 0.0284471963132743
	
	
	nbins	ntrees	max_depth	learn_rate	model_ids	logloss
	50	250	10	0.2	Grid_GBM_train_model_R_1456470034606_4_model_75	0.01902378881478342
	50	100	10	0.1	Grid_GBM_train_model_R_1456470034606_4_model_36	0.019055936773826967
	50	500	10	0.1	Grid_GBM_train_model_R_1456470034606_4_model_42	0.019135294408292074
	50	250	10	0.05	Grid_GBM_train_model_R_1456470034606_4_model_3	0.019207923250510982
	50	100	10	0.2	Grid_GBM_train_model_R_1456470034606_4_model_72	0.019336887708218092
	50	500	10	0.05	Grid_GBM_train_model_R_1456470034606_4_model_6	0.019402617495967476
	50	500	10	0.2	Grid_GBM_train_model_R_1456470034606_4_model_78	0.01957704703136922
	50	250	10	0.1	Grid_GBM_train_model_R_1456470034606_4_model_39	0.019629220539342886
	100	100	10	0.1	Grid_GBM_train_model_R_1456470034606_4_model_37	0.020663394850729308
	100	250	10	0.05	Grid_GBM_train_model_R_1456470034606_4_model_4	0.02068230872368749
	100	100	10	0.2	Grid_GBM_train_model_R_1456470034606_4_model_73	0.022258559159149646
	150	250	10	0.05	Grid_GBM_train_model_R_1456470034606_4_model_5	0.022346065690900415
	100	500	10	0.2	Grid_GBM_train_model_R_1456470034606_4_model_79	0.022413480814215934
	150	100	10	0.1	Grid_GBM_train_model_R_1456470034606_4_model_38	0.02248487409652555
	100	500	10	0.1	Grid_GBM_train_model_R_1456470034606_4_model_43	0.02255489143867098
	100	250	10	0.1	Grid_GBM_train_model_R_1456470034606_4_model_40	0.022851878884006346
	100	250	10	0.2	Grid_GBM_train_model_R_1456470034606_4_model_76	0.0229234955929387
	150	500	10	0.1	Grid_GBM_train_model_R_1456470034606_4_model_44	0.023224268403830885
	100	500	10	0.05	Grid_GBM_train_model_R_1456470034606_4_model_7	0.023327742250020825
	50	100	15	0.1	Grid_GBM_train_model_R_1456470034606_4_model_45	0.023442933622793552
	50	500	15	0.05	Grid_GBM_train_model_R_1456470034606_4_model_15	0.02350722433100581
	50	100	20	0.1	Grid_GBM_train_model_R_1456470034606_4_model_54	0.023583147871511057
	150	500	10	0.05	Grid_GBM_train_model_R_1456470034606_4_model_8	0.023828601786885496
	150	250	10	0.2	Grid_GBM_train_model_R_1456470034606_4_model_77	0.023853223180169497
	100	250	15	0.2	Grid_GBM_train_model_R_1456470034606_4_model_85	0.023857785337967643
	50	500	15	0.1	Grid_GBM_train_model_R_1456470034606_4_model_51	0.023881671512240528
	150	100	10	0.2	Grid_GBM_train_model_R_1456470034606_4_model_74	0.023928549490235648
	150	500	10	0.2	Grid_GBM_train_model_R_1456470034606_4_model_80	0.02392861037023256
	50	500	20	0.05	Grid_GBM_train_model_R_1456470034606_4_model_24	0.023948446072008717
	150	250	10	0.1	Grid_GBM_train_model_R_1456470034606_4_model_41	0.024099864356103933
	100	500	15	0.05	Grid_GBM_train_model_R_1456470034606_4_model_16	0.024311525015520714
	100	100	15	0.2	Grid_GBM_train_model_R_1456470034606_4_model_82	0.024359357251991634
	50	250	20	0.05	Grid_GBM_train_model_R_1456470034606_4_model_21	0.024390725791993927
	50	250	15	0.1	Grid_GBM_train_model_R_1456470034606_4_model_48	0.024404704142557333
	50	250	15	0.05	Grid_GBM_train_model_R_1456470034606_4_model_12	0.024519269510012848
	100	500	15	0.2	Grid_GBM_train_model_R_1456470034606_4_model_88	0.02455028376580848
	50	500	25	0.05	Grid_GBM_train_model_R_1456470034606_4_model_33	0.024563435128964178
	50	100	15	0.2	Grid_GBM_train_model_R_1456470034606_4_model_81	0.024620789644852936
	50	100	20	0.2	Grid_GBM_train_model_R_1456470034606_4_model_90	0.024671300701448545
	100	250	15	0.05	Grid_GBM_train_model_R_1456470034606_4_model_13	0.024691489705187083
	50	100	15	0.05	Grid_GBM_train_model_R_1456470034606_4_model_9	0.024735416277753237
	50	100	25	0.2	Grid_GBM_train_model_R_1456470034606_4_model_99	0.024741391249183554
	100	500	15	0.1	Grid_GBM_train_model_R_1456470034606_4_model_52	0.024757755421343924
	100	100	15	0.1	Grid_GBM_train_model_R_1456470034606_4_model_46	0.02477531652978579
	100	250	15	0.1	Grid_GBM_train_model_R_1456470034606_4_model_49	0.024786146747212665
	50	100	25	0.05	Grid_GBM_train_model_R_1456470034606_4_model_27	0.024888597345436556
	50	500	20	0.2	Grid_GBM_train_model_R_1456470034606_4_model_96	0.02490047898961991
	50	250	20	0.1	Grid_GBM_train_model_R_1456470034606_4_model_57	0.02493693716240776
	50	100	20	0.05	Grid_GBM_train_model_R_1456470034606_4_model_18	0.024981210140116665
	50	250	25	0.05	Grid_GBM_train_model_R_1456470034606_4_model_30	0.025017645737136933
	150	100	15	0.1	Grid_GBM_train_model_R_1456470034606_4_model_47	0.025057204550333678
	150	500	15	0.1	Grid_GBM_train_model_R_1456470034606_4_model_53	0.025156617909888122
	50	500	25	0.2	Grid_GBM_train_model_R_1456470034606_4_model_105	0.02517334681973726
	50	250	20	0.2	Grid_GBM_train_model_R_1456470034606_4_model_93	0.025185945871255666
	50	250	25	0.2	Grid_GBM_train_model_R_1456470034606_4_model_102	0.02522796770614185
	50	500	15	0.2	Grid_GBM_train_model_R_1456470034606_4_model_87	0.02526108244873987
	50	100	10	0.05	Grid_GBM_train_model_R_1456470034606_4_model_0	0.02531298639736604
	50	250	25	0.1	Grid_GBM_train_model_R_1456470034606_4_model_66	0.025385070839515106
	50	100	25	0.1	Grid_GBM_train_model_R_1456470034606_4_model_63	0.02541761177295829
	50	250	15	0.2	Grid_GBM_train_model_R_1456470034606_4_model_84	0.02542159606397297
	150	250	15	0.05	Grid_GBM_train_model_R_1456470034606_4_model_14	0.025446599861349884
	50	500	20	0.1	Grid_GBM_train_model_R_1456470034606_4_model_60	0.025449335886338187
	150	250	15	0.1	Grid_GBM_train_model_R_1456470034606_4_model_50	0.025508718389873
	150	500	15	0.05	Grid_GBM_train_model_R_1456470034606_4_model_17	0.02550914095296265
	50	500	25	0.1	Grid_GBM_train_model_R_1456470034606_4_model_69	0.025667927147876125
	150	500	15	0.2	Grid_GBM_train_model_R_1456470034606_4_model_89	0.025841445007847432
	100	100	20	0.1	Grid_GBM_train_model_R_1456470034606_4_model_55	0.025954905982753768
	100	500	25	0.05	Grid_GBM_train_model_R_1456470034606_4_model_34	0.0260466325461852
	150	100	15	0.2	Grid_GBM_train_model_R_1456470034606_4_model_83	0.02617493804225625
	100	250	20	0.2	Grid_GBM_train_model_R_1456470034606_4_model_94	0.026277848165378308
	100	500	25	0.1	Grid_GBM_train_model_R_1456470034606_4_model_70	0.026391691353758562
	100	500	25	0.2	Grid_GBM_train_model_R_1456470034606_4_model_106	0.026451102794126987
	100	250	25	0.2	Grid_GBM_train_model_R_1456470034606_4_model_103	0.02647390310411405
	100	100	20	0.2	Grid_GBM_train_model_R_1456470034606_4_model_91	0.02654518880298633
	100	100	15	0.05	Grid_GBM_train_model_R_1456470034606_4_model_10	0.026549014250759607
	100	100	20	0.05	Grid_GBM_train_model_R_1456470034606_4_model_19	0.026568631322870028
	100	250	25	0.05	Grid_GBM_train_model_R_1456470034606_4_model_31	0.026597787641509375
	150	250	20	0.05	Grid_GBM_train_model_R_1456470034606_4_model_23	0.02661496639982432
	100	250	20	0.05	Grid_GBM_train_model_R_1456470034606_4_model_22	0.02664140306708712
	150	250	15	0.2	Grid_GBM_train_model_R_1456470034606_4_model_86	0.026642221629634737
	150	250	20	0.1	Grid_GBM_train_model_R_1456470034606_4_model_59	0.02665185304116192
	100	500	20	0.05	Grid_GBM_train_model_R_1456470034606_4_model_25	0.02668604342556717
	100	500	20	0.2	Grid_GBM_train_model_R_1456470034606_4_model_97	0.02668955092833014
	100	100	25	0.2	Grid_GBM_train_model_R_1456470034606_4_model_100	0.026694725650978558
	100	250	25	0.1	Grid_GBM_train_model_R_1456470034606_4_model_67	0.026745534722410102
	100	100	10	0.05	Grid_GBM_train_model_R_1456470034606_4_model_1	0.026779906193487517
	150	100	20	0.1	Grid_GBM_train_model_R_1456470034606_4_model_56	0.026800321528513086
	100	500	20	0.1	Grid_GBM_train_model_R_1456470034606_4_model_61	0.026829797476018373
	100	100	25	0.05	Grid_GBM_train_model_R_1456470034606_4_model_28	0.02687649862425263
	150	500	25	0.1	Grid_GBM_train_model_R_1456470034606_4_model_71	0.02689655502903925
	150	500	20	0.05	Grid_GBM_train_model_R_1456470034606_4_model_26	0.026938613101200014
	150	100	25	0.1	Grid_GBM_train_model_R_1456470034606_4_model_65	0.02711364391374565
	150	250	25	0.2	Grid_GBM_train_model_R_1456470034606_4_model_104	0.027119009530207305
	100	100	25	0.1	Grid_GBM_train_model_R_1456470034606_4_model_64	0.027141937358650312
	100	250	20	0.1	Grid_GBM_train_model_R_1456470034606_4_model_58	0.02715117851804114
	150	500	20	0.1	Grid_GBM_train_model_R_1456470034606_4_model_62	0.027152286370680817
	150	100	15	0.05	Grid_GBM_train_model_R_1456470034606_4_model_11	0.027175023705034128
	150	500	25	0.2	Grid_GBM_train_model_R_1456470034606_4_model_107	0.027254209208883343
	150	100	20	0.05	Grid_GBM_train_model_R_1456470034606_4_model_20	0.02727591855643842
	150	100	25	0.2	Grid_GBM_train_model_R_1456470034606_4_model_101	0.027344652947083378
	150	500	25	0.05	Grid_GBM_train_model_R_1456470034606_4_model_35	0.02741902652815131
	150	250	25	0.1	Grid_GBM_train_model_R_1456470034606_4_model_68	0.027465670074922118
	150	250	25	0.05	Grid_GBM_train_model_R_1456470034606_4_model_32	0.02791070945147075
	150	100	25	0.05	Grid_GBM_train_model_R_1456470034606_4_model_29	0.027949268680904388
	150	100	20	0.2	Grid_GBM_train_model_R_1456470034606_4_model_92	0.02806408685824159
	150	500	20	0.2	Grid_GBM_train_model_R_1456470034606_4_model_98	0.028099896486029
	150	100	10	0.05	Grid_GBM_train_model_R_1456470034606_4_model_2	0.028214233033191812
	150	250	20	0.2	Grid_GBM_train_model_R_1456470034606_4_model_95	0.02844719631327425